#
#
#

hidden
i M N o

observables
A C E D G F I H K M L N Q P S R T W V Y

pi
0.55 0.0 0.0 0.45

transitions
0.979309928821 0.0206900711787 0.0 0.0
0.0 0.954052243804 0.0 0.0459477561956
0.0455542650665 0.0 0.954445734934 0.0
0.0 0.0 0.0113278993646 0.988672100635

emissions
0.0787958743104 0.0145718397697 0.0672223554809 0.0491124970017 0.069980810746 0.0342408251379 0.0429959222835 0.0230271048213 0.0707603741905 0.0278244183257 0.0829935236268 0.0407771647877 0.0403573998561 0.0534300791557 0.0715999040537 0.0821539937635 0.0532501798993 0.0130726792996 0.0572079635404 0.0266250899496
0.110515740121 0.0164768921634 0.00763563295378 0.00616208975218 0.0802411252512 0.0912257200268 0.115740120563 0.0060281312793 0.00535833891494 0.0388479571333 0.174012056263 0.016878767582 0.0085733422639 0.0305425318151 0.052913596785 0.00683188211654 0.0530475552579 0.0288010716678 0.11373074347 0.0364367046216
0.107368692735 0.0214221189831 0.00683959220545 0.00748483675313 0.0831074977416 0.0889146986708 0.124145050974 0.00980771712479 0.0049038585624 0.042069944509 0.162988772745 0.0160020647826 0.00993676603433 0.0251645373597 0.0530391018196 0.00412956510517 0.0463285585237 0.0256807329978 0.116402116402 0.0442637759711
0.0662311042788 0.0229631053036 0.0596336151678 0.0554701511658 0.0699782218806 0.0410901870356 0.0470791698693 0.0224506789649 0.0471111965155 0.023603638227 0.0887778631822 0.0512106072252 0.0442287983602 0.0560146041507 0.0709710479119 0.0500576479631 0.0629003330771 0.0192480143479 0.063444786062 0.0375352293108

