#
#
#

hidden
i A B C D E M F G H I J o P Q R S T N O V X Y Z

observables
A C E D G F I H K M L N Q P S R T W V Y

pi
0.55 0.0 0.0 0.0 0.0 0.0 0.0 0.0 0.0 0.0 0.0 0.0 0.45 0.0 0.0 0.0 0.0 0.0 0.0 0.0 0.0 0.0 0.0 0.0

transitions
0.979309928821 0.0206900711787 0.0 0.0 0.0 0.0 0.0 0.0 0.0 0.0 0.0 0.0 0.0 0.0 0.0 0.0 0.0 0.0 0.0 0.0 0.0 0.0 0.0 0.0
0.0 0.0 1.0 0.0 0.0 0.0 0.0 0.0 0.0 0.0 0.0 0.0 0.0 0.0 0.0 0.0 0.0 0.0 0.0 0.0 0.0 0.0 0.0 0.0
0.0 0.0 0.0 1.0 0.0 0.0 0.0 0.0 0.0 0.0 0.0 0.0 0.0 0.0 0.0 0.0 0.0 0.0 0.0 0.0 0.0 0.0 0.0 0.0
0.0 0.0 0.0 0.0 1.0 0.0 0.0 0.0 0.0 0.0 0.0 0.0 0.0 0.0 0.0 0.0 0.0 0.0 0.0 0.0 0.0 0.0 0.0 0.0
0.0 0.0 0.0 0.0 0.0 1.0 0.0 0.0 0.0 0.0 0.0 0.0 0.0 0.0 0.0 0.0 0.0 0.0 0.0 0.0 0.0 0.0 0.0 0.0
0.0 0.0 0.0 0.0 0.0 0.0 1.0 0.0 0.0 0.0 0.0 0.0 0.0 0.0 0.0 0.0 0.0 0.0 0.0 0.0 0.0 0.0 0.0 0.0
0.0 0.0 0.0 0.0 0.0 0.0 0.914993804213 0.0850061957869 0.0 0.0 0.0 0.0 0.0 0.0 0.0 0.0 0.0 0.0 0.0 0.0 0.0 0.0 0.0 0.0
0.0 0.0 0.0 0.0 0.0 0.0 0.0 0.0 1.0 0.0 0.0 0.0 0.0 0.0 0.0 0.0 0.0 0.0 0.0 0.0 0.0 0.0 0.0 0.0
0.0 0.0 0.0 0.0 0.0 0.0 0.0 0.0 0.0 1.0 0.0 0.0 0.0 0.0 0.0 0.0 0.0 0.0 0.0 0.0 0.0 0.0 0.0 0.0
0.0 0.0 0.0 0.0 0.0 0.0 0.0 0.0 0.0 0.0 1.0 0.0 0.0 0.0 0.0 0.0 0.0 0.0 0.0 0.0 0.0 0.0 0.0 0.0
0.0 0.0 0.0 0.0 0.0 0.0 0.0 0.0 0.0 0.0 0.0 1.0 0.0 0.0 0.0 0.0 0.0 0.0 0.0 0.0 0.0 0.0 0.0 0.0
0.0 0.0 0.0 0.0 0.0 0.0 0.0 0.0 0.0 0.0 0.0 0.0 1.0 0.0 0.0 0.0 0.0 0.0 0.0 0.0 0.0 0.0 0.0 0.0
0.0 0.0 0.0 0.0 0.0 0.0 0.0 0.0 0.0 0.0 0.0 0.0 0.988672100635 0.0113278993646 0.0 0.0 0.0 0.0 0.0 0.0 0.0 0.0 0.0 0.0
0.0 0.0 0.0 0.0 0.0 0.0 0.0 0.0 0.0 0.0 0.0 0.0 0.0 0.0 1.0 0.0 0.0 0.0 0.0 0.0 0.0 0.0 0.0 0.0
0.0 0.0 0.0 0.0 0.0 0.0 0.0 0.0 0.0 0.0 0.0 0.0 0.0 0.0 0.0 1.0 0.0 0.0 0.0 0.0 0.0 0.0 0.0 0.0
0.0 0.0 0.0 0.0 0.0 0.0 0.0 0.0 0.0 0.0 0.0 0.0 0.0 0.0 0.0 0.0 1.0 0.0 0.0 0.0 0.0 0.0 0.0 0.0
0.0 0.0 0.0 0.0 0.0 0.0 0.0 0.0 0.0 0.0 0.0 0.0 0.0 0.0 0.0 0.0 0.0 1.0 0.0 0.0 0.0 0.0 0.0 0.0
0.0 0.0 0.0 0.0 0.0 0.0 0.0 0.0 0.0 0.0 0.0 0.0 0.0 0.0 0.0 0.0 0.0 0.0 1.0 0.0 0.0 0.0 0.0 0.0
0.0 0.0 0.0 0.0 0.0 0.0 0.0 0.0 0.0 0.0 0.0 0.0 0.0 0.0 0.0 0.0 0.0 0.0 0.916330884096 0.0836691159042 0.0 0.0 0.0 0.0
0.0 0.0 0.0 0.0 0.0 0.0 0.0 0.0 0.0 0.0 0.0 0.0 0.0 0.0 0.0 0.0 0.0 0.0 0.0 0.0 1.0 0.0 0.0 0.0
0.0 0.0 0.0 0.0 0.0 0.0 0.0 0.0 0.0 0.0 0.0 0.0 0.0 0.0 0.0 0.0 0.0 0.0 0.0 0.0 0.0 1.0 0.0 0.0
0.0 0.0 0.0 0.0 0.0 0.0 0.0 0.0 0.0 0.0 0.0 0.0 0.0 0.0 0.0 0.0 0.0 0.0 0.0 0.0 0.0 0.0 1.0 0.0
0.0 0.0 0.0 0.0 0.0 0.0 0.0 0.0 0.0 0.0 0.0 0.0 0.0 0.0 0.0 0.0 0.0 0.0 0.0 0.0 0.0 0.0 0.0 1.0
1.0 0.0 0.0 0.0 0.0 0.0 0.0 0.0 0.0 0.0 0.0 0.0 0.0 0.0 0.0 0.0 0.0 0.0 0.0 0.0 0.0 0.0 0.0 0.0

emissions
0.0787958743104 0.0145718397697 0.0672223554809 0.0491124970017 0.069980810746 0.0342408251379 0.0429959222835 0.0230271048213 0.0707603741905 0.0278244183257 0.0829935236268 0.0407771647877 0.0403573998561 0.0534300791557 0.0715999040537 0.0821539937635 0.0532501798993 0.0130726792996 0.0572079635404 0.0266250899496
0.119533527697 0.00583090379009 0.00291545189504 0.00291545189504 0.0612244897959 0.0553935860058 0.113702623907 0.00874635568513 0.00874635568513 0.0553935860058 0.204081632653 0.0145772594752 0.00874635568513 0.0262390670554 0.0320699708455 0.00583090379009 0.0466472303207 0.0408163265306 0.110787172012 0.0758017492711
0.104956268222 0.00291545189504 0.0145772594752 0.00583090379009 0.0962099125364 0.067055393586 0.119533527697 0.00291545189504 0.0116618075802 0.0291545189504 0.218658892128 0.0291545189504 0.00583090379009 0.0408163265306 0.0495626822157 0.00874635568513 0.0349854227405 0.0262390670554 0.107871720117 0.0233236151603
0.0962099125364 0.0116618075802 0.00291545189504 0.00291545189504 0.0583090379009 0.0758017492711 0.0903790087464 0.0145772594752 0.00874635568513 0.0495626822157 0.247813411079 0.0174927113703 0.0116618075802 0.0408163265306 0.0379008746356 0.0291545189504 0.0437317784257 0.0262390670554 0.0991253644315 0.0349854227405
0.102040816327 0.0145772594752 0.0233236151603 0.00583090379009 0.0816326530612 0.0728862973761 0.137026239067 0.00291545189504 0.0174927113703 0.0233236151603 0.180758017493 0.0116618075802 0.00291545189504 0.0262390670554 0.0758017492711 0.0116618075802 0.0466472303207 0.0233236151603 0.113702623907 0.0262390670554
0.0787172011662 0.00874635568513 0.00291545189504 0.00583090379009 0.0845481049563 0.0845481049563 0.157434402332 0.00583090379009 0.0 0.0524781341108 0.154518950437 0.0408163265306 0.00291545189504 0.0233236151603 0.0408163265306 0.0145772594752 0.0612244897959 0.0291545189504 0.116618075802 0.0349854227405
0.117719950434 0.0223048327138 0.00520446096654 0.00718711276332 0.0773234200743 0.0988847583643 0.118463444857 0.00396530359356 0.00421313506815 0.0376703841388 0.171995043371 0.014126394052 0.00793060718711 0.0302354399009 0.0515489467162 0.00446096654275 0.0574969021066 0.0230483271375 0.117472118959 0.0287484510533
0.102040816327 0.0204081632653 0.00874635568513 0.00291545189504 0.069970845481 0.0932944606414 0.139941690962 0.0116618075802 0.0 0.0408163265306 0.169096209913 0.00583090379009 0.00874635568513 0.0408163265306 0.0583090379009 0.00583090379009 0.0466472303207 0.0349854227405 0.0991253644315 0.0408163265306
0.102040816327 0.0145772594752 0.00874635568513 0.00291545189504 0.0991253644315 0.0845481049563 0.0962099125364 0.00583090379009 0.0 0.0437317784257 0.157434402332 0.0116618075802 0.0116618075802 0.0262390670554 0.0612244897959 0.00874635568513 0.0320699708455 0.0495626822157 0.125364431487 0.0583090379009
0.102040816327 0.00291545189504 0.0174927113703 0.00583090379009 0.104956268222 0.102040816327 0.0962099125364 0.00583090379009 0.00874635568513 0.0320699708455 0.113702623907 0.0466472303207 0.00583090379009 0.0408163265306 0.0612244897959 0.00874635568513 0.0728862973761 0.0204081632653 0.0962099125364 0.0553935860058
0.102040816327 0.00583090379009 0.0116618075802 0.00583090379009 0.119533527697 0.064139941691 0.0845481049563 0.0116618075802 0.00291545189504 0.0524781341108 0.163265306122 0.0174927113703 0.0204081632653 0.0116618075802 0.0612244897959 0.0 0.0583090379009 0.0728862973761 0.0903790087464 0.0437317784257
0.110787172012 0.00874635568513 0.0116618075802 0.00874635568513 0.0612244897959 0.122448979592 0.0903790087464 0.0145772594752 0.00874635568513 0.0233236151603 0.154518950437 0.00583090379009 0.0145772594752 0.0320699708455 0.067055393586 0.00291545189504 0.0349854227405 0.0320699708455 0.134110787172 0.0612244897959
0.0662311042788 0.0229631053036 0.0596336151678 0.0554701511658 0.0699782218806 0.0410901870356 0.0470791698693 0.0224506789649 0.0471111965155 0.023603638227 0.0887778631822 0.0512106072252 0.0442287983602 0.0560146041507 0.0709710479119 0.0500576479631 0.0629003330771 0.0192480143479 0.063444786062 0.0375352293108
0.101983002833 0.0056657223796 0.014164305949 0.014164305949 0.0764872521246 0.107648725212 0.113314447592 0.0113314447592 0.0 0.056657223796 0.175637393768 0.0169971671388 0.014164305949 0.0594900849858 0.0169971671388 0.0056657223796 0.0169971671388 0.0453257790368 0.0963172804533 0.0509915014164
0.0849858356941 0.0056657223796 0.0028328611898 0.00849858356941 0.104815864023 0.104815864023 0.107648725212 0.0169971671388 0.00849858356941 0.0453257790368 0.164305949008 0.0113314447592 0.00849858356941 0.0368271954674 0.0453257790368 0.0056657223796 0.0481586402266 0.0396600566572 0.0934844192635 0.056657223796
0.101983002833 0.014164305949 0.0 0.0311614730878 0.0623229461756 0.0849858356941 0.121813031161 0.014164305949 0.0028328611898 0.042492917847 0.14447592068 0.014164305949 0.0169971671388 0.028328611898 0.056657223796 0.0056657223796 0.0594900849858 0.0538243626062 0.101983002833 0.042492917847
0.116147308782 0.014164305949 0.0056657223796 0.0113314447592 0.0963172804533 0.0849858356941 0.133144475921 0.0056657223796 0.0056657223796 0.042492917847 0.158640226629 0.0056657223796 0.0254957507082 0.014164305949 0.0453257790368 0.0028328611898 0.0651558073654 0.028328611898 0.0906515580737 0.0481586402266
0.150141643059 0.014164305949 0.0028328611898 0.0028328611898 0.0934844192635 0.0736543909348 0.118980169972 0.00849858356941 0.0056657223796 0.0396600566572 0.101983002833 0.014164305949 0.0254957507082 0.0198300283286 0.0481586402266 0.0028328611898 0.056657223796 0.0226628895184 0.1388101983 0.0594900849858
0.105001185115 0.026783598009 0.00663664375444 0.00592557478075 0.0886465987201 0.0841431618867 0.124911116378 0.00924389665798 0.00497748281583 0.041242000474 0.16947143873 0.017539701351 0.00758473571936 0.0263095520265 0.0604408627637 0.00189618392984 0.0500118511496 0.0170656553686 0.116852334676 0.0353164256933
0.0878186968839 0.028328611898 0.0254957507082 0.0028328611898 0.0623229461756 0.0878186968839 0.14164305949 0.0056657223796 0.00849858356941 0.0311614730878 0.178470254958 0.014164305949 0.00849858356941 0.0198300283286 0.042492917847 0.0056657223796 0.0226628895184 0.0226628895184 0.167138810198 0.0368271954674
0.0963172804533 0.014164305949 0.0 0.0056657223796 0.0736543909348 0.0736543909348 0.110481586402 0.0113314447592 0.0056657223796 0.0311614730878 0.133144475921 0.0198300283286 0.0056657223796 0.0169971671388 0.0736543909348 0.0056657223796 0.056657223796 0.028328611898 0.14730878187 0.0906515580737
0.113314447592 0.0226628895184 0.0113314447592 0.014164305949 0.0878186968839 0.0963172804533 0.14447592068 0.0113314447592 0.00849858356941 0.0396600566572 0.158640226629 0.0198300283286 0.0113314447592 0.0113314447592 0.042492917847 0.0113314447592 0.0311614730878 0.0226628895184 0.0849858356941 0.056657223796
0.124645892351 0.0169971671388 0.00849858356941 0.0028328611898 0.0651558073654 0.130311614731 0.127478753541 0.0113314447592 0.0028328611898 0.042492917847 0.127478753541 0.0113314447592 0.00849858356941 0.0169971671388 0.0368271954674 0.0169971671388 0.042492917847 0.056657223796 0.0934844192635 0.056657223796
0.124645892351 0.014164305949 0.0 0.0 0.042492917847 0.101983002833 0.113314447592 0.00849858356941 0.0 0.0594900849858 0.209631728045 0.014164305949 0.0028328611898 0.014164305949 0.0339943342776 0.0056657223796 0.0198300283286 0.0396600566572 0.14447592068 0.0509915014164

